Table 5 - Bus Load Data

  Area/Bus number       % of       Load      If peak load 10% higher
 1       2       3    Sys Load  MW     MVar     MW       MVar
----------------------------------------------------------------
101     201     301     3.8    108     22     118.8     24.2
102     202     302     3.4     97     20     106.7     22.0
103     203     303     6.3    180     37     198.0     40.7
104     204     304     2.6     74     15      81.4     16.5
105     205     305     2.5     71     14      78.1     15.4
106     206     306     4.8    136     28     149.6     30.8
107     207     307     4.4    125     25     137.5     27.5
108     208     308     6.0    171     35     188.1     38.5
109     209     309     6.1    175     36     192.5     39.6
110     210     310     6.8    195     40     214.5     44.0
113     213     313     9.3    265     54     291.5     59.4
114     214     314     6.8    194     39     213.4     42.9
115     215     315    11.1    317     64     348.7     70.4
116     216     316     3.5    100     20     110.0     22.0
118     218     318    11.7    333     68     366.3     74.8
119     219     319     6.4    181     37     199.1     40.7
120     220     320     4.5    128     26     140.8     28.6
-----------------------------------------------------------------
Total                 100     2850    580    3135      638

Table 4 -  Hourly Peak Load in Percent of Daily Peak

         winter weeks      summer weeks     spring/fall weeks
        1 -8 & 44 - 52        18 -30         9-17 & 31 - 43
Hour     Wkdy     Wknd     Wkdy     Wknd     Wkdy     Wknd
-------------------------------------------------------------
12-1 am   67       78       64       74       63       75
1-2       63       72       60       70       62       73
2-3       60       68       58       66       60       69
3-4       59       66       56       65       58       66
4-5       59       64       56       64       59       65
5-6       60       65       58       62       65       65
6-7       74       66       64       62       72       68
7-8       86       70       76       66       85       74
8-9       95       80       87       81       95       83
9-10      96       88       95       86       99       89
10-11     96       90       99       91      100       92
11-noon   95       91      100       93       99       94
Noon-1pm  95       90       99       93       93       91
1-2       95       88      100       92       92       90
2-3       93       87      100       91       90       90
3-4       94       87       97       91       88       86
4-5       99       91       96       92       90       85
5-6      100      100       96       94       92       88
6-7      100       99       93       95       96       92
7-8       96       97       92       95       98      100
8-9       91       94       92      100       96       97
9-10      83       92       93       93       90       95
10-11     73       87       87       88       80       90
11-12     63       81       72       80       70       85

Table 3 - Daily load in Percent of Weekly Peak 

Day    Peak Load

Monday     93
Tuesday   100
Wednesday  98
Thursday   96
Friday     94
Saturday   77
Sunday     75

Table 2 - Weekly Peak Load in Percent of Annual Peak

Week Peak Load

1     86.2
2     90.0
3     87.8
4     83.4
5     88.0
6     84.1
7     83.2
8     80.6
9     74.0
10    73.7
11    71.5
12    72.7
13    70.4
14    75.0
15    72.1
16    80.0
17    75.4
18    83.7
19    87.0
20    88.0
21    85.6
22    81.1
23    90.0
24    88.7
25    89.6
26    86.1
27    75.5
28    81.6
29    80.1
30    88.0
31    72.2
32    77.6
33    80.0
34    72.9
35    72.6
36    70.5
37    78.0
38    69.5
39    72.4
40    72.4
41    74.3
42    74.4
43    80.0
44    88.1
45    88.5
46    90.9
47    94.0
48    89.0
49    94.2
50    97.0
51   100.0
52    95.2
